5
1
0 10
4
10 30
15 25
20 25
5 30
1
25 30
2
30 50
30 45
3
45 55
45 50
46 50
1
50 60
3
60 80
60 72
45 80
2
65 80
72 85
3
85 102
85 100
86 102
1
100 105
2
10 20
5 25
1
20 35
3
36 45
35 46
35 45
1
45 55
2
56 60
55 62
1
62 70
2
70 80
70 74
3
74 80
70 75
75 80
1
80 90
1
90 100
1
0 20
2
20 30
15 25
1
25 30
1
25 45
1
30 50
2
50 70
50 75
1
75 90
1
90 100
1
100 200
1
200 205
3
15 25
10 30
16 25
2
25 35
25 40
1
35 40
4
40 45 
42 44
41 43
40 44
3
40 50
40 41
45 50
1
50 60
2
60 70
60 75
0
1
72 80
1
80 90
1
10 20
2
10 30
20 40
1
45 50
1
55 60
1
60 65
1
65 70
2
70 75
72 74
1
74 80
1
81 90
1
92 100